{
  "Contig Stats": {
    "L10": 0,
    "L20": 1,
    "L30": 2,
    "L40": 4,
    "L50": 5,
    "N10": 2924308,
    "N20": 1856641,
    "N30": 1605300,
    "N40": 1363403,
    "N50": 1073158,
    "gc_content": 48.994169741935565,
    "longest": 2924308,
    "mean": 818118.16,
    "median": 672162.0,
    "sequence_count": 25,
    "shortest": 47904,
    "total_bps": 20452954
  },
  "Scaffold Stats": {
    "L10": 0,
    "L20": 1,
    "L30": 2,
    "L40": 4,
    "L50": 5,
    "N10": 2924308,
    "N20": 1856641,
    "N30": 1605300,
    "N40": 1363403,
    "N50": 1073158,
    "gc_content": 48.994169741935565,
    "longest": 2924308,
    "mean": 818118.16,
    "median": 672162.0,
    "sequence_count": 25,
    "shortest": 47904,
    "total_bps": 20452954
  }
}
