{
  "Contig Stats": {
    "L10": 0,
    "L20": 1,
    "L30": 2,
    "L40": 4,
    "L50": 5,
    "N10": 5114594,
    "N20": 4185125,
    "N30": 3969492,
    "N40": 3018969,
    "N50": 2239580,
    "gc_content": 43.90254765271832,
    "longest": 5114594,
    "mean": 625049.9852941176,
    "median": 53030.5,
    "sequence_count": 68,
    "shortest": 1188,
    "total_bps": 42503399
  },
  "Scaffold Stats": {
    "L10": 0,
    "L20": 1,
    "L30": 2,
    "L40": 4,
    "L50": 5,
    "N10": 5114594,
    "N20": 4185125,
    "N30": 3969492,
    "N40": 3018969,
    "N50": 2239580,
    "gc_content": 43.90254765271832,
    "longest": 5114594,
    "mean": 625049.9852941176,
    "median": 53030.5,
    "sequence_count": 68,
    "shortest": 1188,
    "total_bps": 42503399
  }
}
