{
  "Contig Stats": {
    "L10": 39,
    "L20": 103,
    "L30": 189,
    "L40": 298,
    "L50": 433,
    "N10": 40822,
    "N20": 27497,
    "N30": 21154,
    "N40": 17078,
    "N50": 13861,
    "gc_content": 48.917288092814545,
    "longest": 90436,
    "mean": 3224.158816237992,
    "median": 213.0,
    "sequence_count": 6454,
    "shortest": 157,
    "total_bps": 20808721
  },
  "Scaffold Stats": {
    "L10": 39,
    "L20": 103,
    "L30": 189,
    "L40": 298,
    "L50": 433,
    "N10": 40822,
    "N20": 27497,
    "N30": 21154,
    "N40": 17078,
    "N50": 13861,
    "gc_content": 48.917288092814545,
    "longest": 90436,
    "mean": 3224.158816237992,
    "median": 213.0,
    "sequence_count": 6454,
    "shortest": 157,
    "total_bps": 20808721
  }
}
